0306181001 5.6
0306181002 0.0
0306181003 5.0
0306181004 0.0
0306181005 6.6
0306181006 5.0
0306181007 5.8
0306181008 6.0
0306181009 5.0
0306181010 0.0
0306181012 2.8
0306181014 5.0
0306181015 5.0
0306181016 5.0
0306181017 5.2
0306181018 5.0
0306181019 5.0
0306181020 2.4
0306181021 5.0
0306181022 0.0
0306181023 5.0
0306181024 2.8
0306181025 5.0
0306181026 5.0
0306181027 5.0
0306181028 6.4
0306181029 5.0
0306181030 0.0
0306181031 5.0
0306181032 5.0
0306181033 5.0
0306181034 2.8
0306181035 5.0
0306181036 5.0
0306181037 2.8
0306181038 6.8
0306181039 2.6
0306181040 5.0
0306181041 5.0
0306181042 5.0
0306181043 2.4
0306181044 5.0
0306181045 2.4
0306181046 5.0
0306181047 5.0
0306181048 5.0
0306181049 2.4
0306181050 2.4
0306181051 5.0
0306181053 5.0
0306181054 1.8
0306181055 5.0
0306181056 5.0
0306181057 2.0
0306181058 1.8
0306181059 5.0
0306181060 6.0
0306181061 5.0
0306181062 6.0
0306181063 5.4
0306181064 6.6
0306181065 5.0
0306181066 5.0
0306181067 5.0
0306181068 5.0
0306181069 5.0
0306181070 5.0
0306181071 5.2
0306181072 2.8
0306181073 5.2
0306181074 5.0
0306181075 5.0
0306181076 5.0
0306181077 2.4
0306181078 5.0
0306181079 5.0
0306181080 2.6
0306181081 6.2
0306181082 5.4
0306181083 2.4
0306181084 5.0
0306181085 7.2
0306181086 5.0
0306181087 5.0
0306181089 2.2
0306181091 5.0
0306181092 5.6
0306181093 6.0
0306181094 5.0
0306181097 5.0
0306181098 5.0
0306181099 5.0
0306181100 5.0
0306181101 5.0
0306181102 5.0
0306181103 2.8
0306181104 6.0
0306181105 5.0
0306181106 5.0
0306181107 5.0
0306181108 5.0
0306181109 5.0
0306181110 5.0
0306181111 5.0
0306181112 5.0
0306181113 5.0
0306181114 5.4
0306181115 6.0
0306181116 5.0
0306181117 5.0
0306181118 5.0
0306181119 6.0
0306181120 5.0
0306181121 2.6
0306181122 5.8
0306181124 5.0
0306181125 5.0
0306181126 5.0
0306181127 6.0
0306181128 5.0
0306181129 5.0
0306181130 2.8
0306181131 5.0
0306181132 5.0
0306181133 5.2
0306181134 5.0
0306181135 5.0
0306181136 5.0
0306181137 6.2
0306181138 5.0
0306181139 5.0
0306181140 2.8
0306181141 5.0
0306181142 5.0
0306181143 6.4
0306181144 5.0
0306181145 5.0
0306181146 0.0
0306181147 5.0
0306181148 7.2
0306181149 5.0
0306181150 5.0
0306181151 5.0
0306181152 5.0
0306181153 5.0
0306181154 5.0
0306181155 5.0
0306181156 5.0
0306181157 ##
0306181158 5.6
0306181159 5.8
0306181160 5.0
0306181161 5.0
0306181162 5.4
0306181163 5.0
0306181164 5.0
0306181165 5.0
0306181166 5.0
0306181167 5.2
0306181168 5.0
0306181169 2.6
0306181170 5.0
0306181171 5.0
0306181172 2.4
0306181173 2.2
0306181174 5.0
0306181175 5.0
0306181176 6.1
0306181177 2.4
0306181178 5.0
0306181179 5.0
0306181180 5.0
0306181182 5.0
0306181183 5.0
0306181184 5.0
0306181185 5.2
0306181186 5.0
0306181187 5.0
0306181188 5.6
0306181189 5.0
0306181190 5.0
0306181192 5.0
0306181194 0.0
0306181195 5.0
0306181294 5.0
0306181295 5.0
0306181296 5.0
0306181297 5.0
0306181298 5.0
0306181299 6.4
0306181300 5.0
0306181301 5.0
0306181302 5.0
0306181303 5.0
0306181304 5.0
0306181305 5.0
0306181306 5.0
0306181307 5.6
0306181308 5.0
0306181309 5.0
0306181310 5.0
0306181311 5.0
0306181312 5.0
0306181313 5.0
0306181314 5.0
0306181315 0.0
0306181316 5.0
0306181317 5.0
0306181318 5.0
0306181319 5.0
0306181320 6.1
0306181321 2.6
0306181322 6.1
0306181324 5.4
0306181325 5.0
0306181326 5.0
0306181328 6.4
0306181329 6.8
0306181330 7.0
0306181331 5.0
0306181332 5.8
0306181333 2.0
0306181335 7.9
0306181336 5.0
0306181337 5.0
0306181339 5.0
0306181340 5.0
0306181341 5.0
0306181342 5.0
0306181343 5.0
0306181344 4.3
0306181345 2.8
0306181346 5.0
0306181347 5.2
0306181348 5.0
0306181349 5.0
0306181350 5.6
0306181351 5.0
0306181353 6.6
0306181354 1.6
0306181355 6.5
0306181356 0.0
0306181357 5.0
0306181358 5.0
0306181359 5.8
0306181360 2.4
0306181362 5.0
0306181363 5.0
0306181365 0.0
0306181366 0.0
0306181367 5.0
0306181368 5.0
0306181369 5.0
0306181370 5.4
0306181371 2.8
0306181372 5.0
0306181373 5.0
0306181374 7.2
0306181375 5.0
0306181376 5.0
0306181377 5.0
0306181378 5.0
0306181379 5.0
0306181380 5.0
0306181381 5.0
0306181382 5.2
0306181384 5.0
0306181385 5.0
0306181386 5.0
0306181387 5.0
0306181388 5.0
0306181389 6.0
0306181390 5.0
0306171389 5.2
 
 
 
 
 
 
