0306181001 6.3
0306181002 7.8
0306181003 9.5
0306181004 6.1
0306181005 8.9
0306181006 7.5
0306181007 8.1
0306181008 5.3
0306181009 7.8
0306181010 5.5
0306181012 6.5
0306181014 7.8
0306181015 8.3
0306181016 7.1
0306181017 8.6
0306181018 8.0
0306181019 5.9
0306181020 6.8
0306181021 3.6
0306181022 6.9
0306181023 6.3
0306181024 7.7
0306181025 7.3
0306181026 7.5
0306181027 5.0
0306181028 7.8
0306181029 7.4
0306181030 6.4
0306181031 0.0
0306181032 8.0
0306181033 8.9
0306181034 5.6
0306181035 6.9
0306181036 7.4
0306181037 6.5
0306181038 8.7
0306181039 5.8
0306181040 5.6
0306181041 8.4
0306181042 8.9
0306181043 6.8
0306181044 6.3
0306181045 7.0
0306181046 6.5
0306181047 7.1
0306181048 7.3
0306181049 8.1
0306181050 7.6
0306181051 5.8
0306181053 7.5
0306181054 7.0
0306181055 8.0
0306181056 7.8
0306181057 7.3
0306181058 6.9
0306181059 7.3
0306181060 8.0
0306181061 6.5
0306181062 8.8
0306181063 8.8
0306181064 9.3
0306181065 6.7
0306181066 8.4
0306181067 6.9
0306181068 7.0
0306181069 6.9
0306181070 7.4
0306181071 7.1
0306181072 7.4
0306181073 6.5
0306181074 6.5
0306181075 7.6
0306181076 8.0
0306181077 7.3
0306181078 7.5
0306181079 7.8
0306181080 6.9
0306181081 8.3
0306181082 8.3
0306181083 7.0
0306181084 8.0
0306181085 6.6
0306181086 8.4
0306181087 6.0
0306181089 8.2
0306181091 8.6
0306181092 7.8
0306181093 7.9
0306181094 7.3
0306181097 6.8
0306181098 8.6
0306181099 8.2
0306181100 7.5
0306181101 7.4
0306181102 8.3
0306181103 8.6
0306181104 6.6
0306181105 8.2
0306181106 7.9
0306181107 7.8
0306181108 8.2
0306181109 6.1
0306181110 7.8
0306181111 9.1
0306181112 8.2
0306181113 8.6
0306181114 7.1
0306181115 8.5
0306181116 8.2
0306181117 7.4
0306181118 8.6
0306181119 7.1
0306181120 7.7
0306181121 6.6
0306181122 6.7
0306181124 5.4
0306181125 6.4
0306181126 8.6
0306181127 9.5
0306181128 8.2
0306181129 8.7
0306181130 8.2
0306181131 7.9
0306181132 7.3
0306181133 8.7
0306181134 5.1
0306181135 8.3
0306181136 8.7
0306181137 8.8
0306181138 6.3
0306181139 8.7
0306181140 6.6
0306181141 6.1
0306181142 7.7
0306181143 6.7
0306181144 8.0
0306181145 9.5
0306181146 7.3
0306181147 8.2
0306181148 8.6
0306181149 7.0
0306181150 8.9
0306181151 7.7
0306181152 8.7
0306181153 8.2
0306181154 8.7
0306181155 2.1
0306181156 9.1
0306181157 9.1
0306181158 8.4
0306181159 6.5
0306181160 8.6
0306181161 7.3
0306181162 8.3
0306181163 8.2
0306181164 6.7
0306181165 7.2
0306181166 7.5
0306181167 8.3
0306181168 9.1
0306181169 8.7
0306181170 4.3
0306181171 7.7
0306181172 7.8
0306181173 1.3
0306181174 8.1
0306181175 7.3
0306181176 8.1
0306181177 2.0
0306181178 9.6
0306181179 9.2
0306181180 6.8
0306181182 9.1
0306181183 9.0
0306181184 8.6
0306181185 7.7
0306181186 8.6
0306181187 8.3
0306181188 8.3
0306181189 6.8
0306181190 5.0
0306181192 8.1
0306181194 7.7
0306181195 6.8
0306181294 7.1
0306181295 5.6
0306181296 6.4
0306181297 7.1
0306181298 8.7
0306181299 8.8
0306181300 7.7
0306181301 7.5
0306181302 6.6
0306181303 8.0
0306181304 8.1
0306181305 7.1
0306181306 7.6
0306181307 8.2
0306181308 5.6
0306181309 7.6
0306181310 8.3
0306181311 7.5
0306181312 5.6
0306181313 8.5
0306181314 7.7
0306181315 7.0
0306181316 6.0
0306181317 8.2
0306181318 7.1
0306181319 6.1
0306181320 8.1
0306181321 5.6
0306181322 8.1
0306181324 7.1
0306181325 7.0
0306181326 6.6
0306181328 7.1
0306181329 8.5
0306181330 8.5
0306181331 7.1
0306181332 7.6
0306181333 6.0
0306181335 8.0
0306181336 7.6
0306181337 7.1
0306181339 6.6
0306181340 6.6
0306181341 7.5
0306181342 6.7
0306181343 7.0
0306181344 7.6
0306181345 6.2
0306181346 6.1
0306181347 7.6
0306181348 7.6
0306181349 7.7
0306181350 8.7
0306181351 8.1
0306181353 7.6
0306181354 6.6
0306181355 6.9
0306181356 7.1
0306181357 6.5
0306181358 5.9
0306181359 6.6
0306181360 7.6
0306181362 7.0
0306181363 6.1
0306181365 5.6
0306181366 7.1
0306181367 6.5
0306181368 7.7
0306181369 6.0
0306181370 8.0
0306181371 7.5
0306181372 6.6
0306181373 6.1
0306181374 8.0
0306181375 7.1
0306181376 7.1
0306181377 8.2
0306181378 6.5
0306181379 7.1
0306181380 7.1
0306181381 6.7
0306181382 5.5
0306181384 8.7
0306181385 7.1
0306181386 7.7
0306181387 7.1
0306181388 8.0
0306181389 6.8
0306181390 8.6
0306171389 6.9
 
 
 
 
 
 

