0306181001 6.7
0306181002 5.3
0306181003 6.8
0306181004 6.0
0306181005 5.0
0306181006 7.5
0306181007 6.5
0306181008 6.8
0306181009 5.8
0306181010 5.3
0306181012 5.3
0306181014 6.8
0306181015 8.2
0306181016 6.8
0306181017 7.2
0306181018 8.0
0306181019 5.5
0306181020 8.3
0306181021 7.5
0306181022 7.5
0306181023 5.5
0306181024 6.5
0306181025 6.7
0306181026 5.2
0306181027 6.0
0306181028 5.7
0306181029 7.0
0306181030 6.8
0306181031 0.7
0306181032 6.3
0306181033 7.8
0306181034 4.0
0306181035 6.0
0306181036 6.7
0306181037 7.2
0306181038 5.0
0306181039 6.8
0306181040 6.0
0306181041 7.2
0306181042 5.7
0306181043 7.2
0306181044 6.5
0306181045 7.0
0306181046 7.7
0306181047 6.8
0306181048 7.3
0306181049 7.5
0306181050 7.5
0306181051 8.0
0306181053 7.7
0306181054 7.8
0306181055 7.8
0306181056 9.3
0306181057 5.7
0306181058 6.2
0306181059 6.0
0306181060 9.3
0306181061 6.7
0306181062 7.2
0306181063 8.3
0306181064 6.3
0306181065 5.7
0306181066 8.0
0306181067 8.0
0306181068 5.0
0306181069 7.3
0306181070 7.2
0306181071 7.5
0306181072 8.7
0306181073 7.0
0306181074 7.8
0306181075 7.8
0306181076 7.0
0306181077 5.0
0306181078 8.0
0306181079 7.7
0306181080 5.0
0306181081 8.0
0306181082 7.5
0306181083 7.3
0306181084 7.0
0306181085 6.7
0306181086 8.7
0306181087 6.3
0306181089 6.3
0306181091 7.0
0306181092 7.0
0306181093 9.0
0306181094 6.8
0306181097 8.0
0306181098 4.0
0306181099 9.5
0306181100 6.5
0306181101 0.0
0306181102 4.5
0306181103 4.0
0306181104 6.0
0306181105 6.5
0306181106 8.0
0306181107 4.0
0306181108 8.5
0306181109 4.0
0306181110 6.0
0306181111 4.0
0306181112 6.0
0306181113 7.5
0306181114 7.0
0306181115 9.0
0306181116 8.5
0306181117 7.0
0306181118 5.0
0306181119 9.0
0306181120 3.0
0306181121 4.5
0306181122 7.0
0306181124 8.0
0306181125 3.0
0306181126 3.0
0306181127 8.0
0306181128 2.0
0306181129 7.0
0306181130 7.0
0306181131 2.0
0306181132 9.0
0306181133 8.5
0306181134 4.0
0306181135 3.0
0306181136 3.0
0306181137 8.0
0306181138 4.0
0306181139 4.0
0306181140 7.0
0306181141 0.0
0306181142 4.0
0306181143 4.0
0306181144 7.0
0306181145 6.0
0306181146 4.0
0306181147 4.0
0306181148 7.0
0306181149 5.0
0306181150 7.0
0306181151 4.0
0306181152 8.0
0306181153 7.0
0306181154 5.0
0306181155 4.0
0306181156 10.0
0306181157 6.0
0306181158 8.0
0306181159 6.0
0306181160 4.0
0306181161 6.0
0306181162 6.0
0306181163 8.0
0306181164 4.0
0306181165 5.0
0306181166 7.0
0306181167 4.0
0306181168 8.0
0306181169 8.5
0306181170 4.0
0306181171 4.0
0306181172 2.0
0306181173 0.0
0306181174 7.0
0306181175 4.0
0306181176 4.5
0306181177 0.0
0306181178 8.5
0306181179 8.0
0306181180 6.5
0306181182 8.0
0306181183 7.0
0306181184 7.0
0306181185 8.5
0306181186 8.5
0306181187 4.0
0306181188 8.0
0306181189 4.0
0306181190 4.5
0306181192 5.0
0306181194 8.0
0306181195 4.0
0306181294 5.8
0306181295 2.8
0306181296 2.8
0306181297 9.4
0306181298 7.4
0306181299 8.2
0306181300 9.0
0306181301 8.4
0306181302 6.4
0306181303 4.2
0306181304 4.0
0306181305 9.2
0306181306 8.4
0306181307 9.4
0306181308 4.4
0306181309 7.4
0306181310 6.6
0306181311 8.2
0306181312 5.0
0306181313 6.8
0306181314 7.2
0306181315 5.0
0306181316 8.2
0306181317 7.6
0306181318 6.6
0306181319 6.8
0306181320 6.4
0306181321 4.2
0306181322 6.8
0306181324 6.2
0306181325 7.8
0306181326 6.4
0306181328 8.8
0306181329 7.6
0306181330 7.2
0306181331 9.0
0306181332 6.6
0306181333 3.4
0306181335 8.8
0306181336 7.8
0306181337 7.2
0306181339 6.8
0306181340 7.8
0306181341 6.0
0306181342 7.0
0306181343 3.6
0306181344 1.0
0306181345 4.6
0306181346 6.2
0306181347 8.4
0306181348 6.2
0306181349 7.8
0306181350 7.2
0306181351 8.0
0306181353 9.0
0306181354 6.7
0306181355 7.0
0306181356 8.3
0306181357 4.2
0306181358 4.0
0306181359 7.0
0306181360 9.2
0306181362 5.4
0306181363 5.7
0306181365 0.5
0306181366 5.2
0306181367 5.0
0306181368 3.2
0306181369 8.3
0306181370 5.4
0306181371 6.0
0306181372 6.4
0306181373 9.7
0306181374 6.2
0306181375 5.8
0306181376 8.3
0306181377 7.8
0306181378 5.3
0306181379 5.3
0306181380 6.8
0306181381 6.5
0306181382 5.0
0306181384 6.2
0306181385 4.0
0306181386 7.0
0306181387 7.2
0306181388 5.0
0306181389 5.0
0306181390 5.3
0306171389 5.0
 
 
 
 
 
 

