0306181001 3.7
0306181002 5.0
0306181003 4.5
0306181004 5.3
0306181005 5.0
0306181006 6.6
0306181007 6.1
0306181008 6.7
0306181009 6.0
0306181010 4.5
0306181012 5.0
0306181014 5.7
0306181015 5.2
0306181016 8.2
0306181017 5.3
0306181018 6.4
0306181019 6.5
0306181020 6.4
0306181021 5.4
0306181022 5.0
0306181023 6.6
0306181024 5.3
0306181025 5.4
0306181026 5.1
0306181027 4.2
0306181028 6.2
0306181029 4.1
0306181030 5.8
0306181031 0.5
0306181032 5.8
0306181033 6.2
0306181034 4.7
0306181035 5.9
0306181036 6.1
0306181037 4.3
0306181038 5.3
0306181039 5.5
0306181040 4.2
0306181041 6.3
0306181042 5.8
0306181043 4.6
0306181044 6.9
0306181045 5.7
0306181046 5.1
0306181047 4.6
0306181048 5.9
0306181049 6.3
0306181050 5.9
0306181051 5.3
0306181053 5.5
0306181054 6.2
0306181055 7.5
0306181056 7.0
0306181057 5.2
0306181058 5.6
0306181059 5.7
0306181060 6.9
0306181061 5.5
0306181062 6.0
0306181063 6.9
0306181064 6.4
0306181065 5.1
0306181066 7.6
0306181067 5.7
0306181068 6.3
0306181069 6.7
0306181070 6.8
0306181071 6.1
0306181072 5.0
0306181073 6.2
0306181074 5.2
0306181075 5.3
0306181076 3.7
0306181077 5.7
0306181078 7.1
0306181079 5.0
0306181080 3.7
0306181081 5.3
0306181082 6.1
0306181083 5.1
0306181084 5.0
0306181085 7.1
0306181086 6.6
0306181087 4.7
0306181089 3.2
0306181091 7.1
0306181092 6.5
0306181093 5.6
0306181094 5.3
0306181097 3.8
0306181098 5.7
0306181099 8.9
0306181100 5.7
0306181101 1.1
0306181102 4.6
0306181103 3.3
0306181104 6.0
0306181105 5.0
0306181106 4.6
0306181107 5.3
0306181108 7.0
0306181109 3.0
0306181110 7.0
0306181111 4.6
0306181112 6.5
0306181113 5.9
0306181114 7.2
0306181115 8.2
0306181116 8.7
0306181117 6.6
0306181118 6.5
0306181119 7.7
0306181120 3.6
0306181121 4.3
0306181122 7.1
0306181124 6.3
0306181125 4.5
0306181126 3.6
0306181127 8.4
0306181128 4.6
0306181129 6.9
0306181130 6.6
0306181131 2.8
0306181132 6.9
0306181133 8.2
0306181134 3.3
0306181135 3.1
0306181136 4.5
0306181137 8.3
0306181138 4.5
0306181139 4.7
0306181140 3.1
0306181141 4.0
0306181142 5.3
0306181143 3.8
0306181144 5.9
0306181145 3.8
0306181146 4.2
0306181147 7.4
0306181148 6.6
0306181149 5.2
0306181150 6.6
0306181151 3.6
0306181152 5.8
0306181153 5.2
0306181154 4.5
0306181155 1.1
0306181156 8.2
0306181157 8.2
0306181158 7.1
0306181159 5.8
0306181160 5.8
0306181161 5.6
0306181162 6.5
0306181163 6.0
0306181164 3.8
0306181165 5.4
0306181166 6.3
0306181167 3.8
0306181168 7.0
0306181169 5.7
0306181170 1.6
0306181171 5.3
0306181172 3.8
0306181173 0.9
0306181174 3.8
0306181175 4.4
0306181176 4.0
0306181177 0.9
0306181178 6.2
0306181179 6.2
0306181180 5.4
0306181182 9.7
0306181183 7.1
0306181184 6.7
0306181185 7.3
0306181186 5.3
0306181187 4.4
0306181188 6.6
0306181189 3.6
0306181190 4.6
0306181192 5.9
0306181194 6.2
0306181195 5.0
0306181294 5.6
0306181295 3.2
0306181296 4.7
0306181297 6.3
0306181298 7.9
0306181299 8.1
0306181300 4.6
0306181301 6.6
0306181302 5.5
0306181303 6.1
0306181304 5.2
0306181305 7.6
0306181306 7.4
0306181307 6.5
0306181308 3.9
0306181309 5.3
0306181310 5.8
0306181311 6.1
0306181312 4.1
0306181313 6.0
0306181314 5.2
0306181315 5.5
0306181316 4.6
0306181317 6.4
0306181318 4.3
0306181319 5.5
0306181320 6.0
0306181321 5.0
0306181322 6.0
0306181324 6.4
0306181325 6.6
0306181326 5.6
0306181328 6.2
0306181329 7.2
0306181330 7.0
0306181331 7.0
0306181332 5.7
0306181333 4.4
0306181335 7.5
0306181336 5.2
0306181337 6.8
0306181339 6.3
0306181340 6.0
0306181341 4.3
0306181342 5.6
0306181343 5.8
0306181344 5.3
0306181345 5.0
0306181346 5.9
0306181347 7.6
0306181348 5.8
0306181349 5.7
0306181350 6.6
0306181351 8.1
0306181353 7.2
0306181354 5.9
0306181355 6.9
0306181356 6.8
0306181357 4.2
0306181358 5.0
0306181359 7.4
0306181360 7.1
0306181362 5.4
0306181363 4.3
0306181365 1.6
0306181366 5.5
0306181367 5.1
0306181368 5.9
0306181369 6.2
0306181370 5.4
0306181371 6.8
0306181372 5.3
0306181373 8.6
0306181374 6.3
0306181375 5.0
0306181376 7.4
0306181377 6.6
0306181378 5.1
0306181379 6.0
0306181380 6.6
0306181381 6.2
0306181382 4.7
0306181384 7.4
0306181385 4.9
0306181386 7.6
0306181387 5.3
0306181388 4.1
0306181389 5.0
0306181390 6.6
0306171389 6.9
 
 
 
 
 
 

