0306181001 8.0
0306181002 7.0
0306181003 8.5
0306181004 8.5
0306181005 6.5
0306181006 7.0
0306181007 7.0
0306181008 7.5
0306181009 2.5
0306181010 7.0
0306181012 9.0
0306181014 7.5
0306181015 7.0
0306181016 2.5
0306181017 0.0
0306181018 9.0
0306181019 8.0
0306181020 8.0
0306181021 0.0
0306181022 7.5
0306181023 7.0
0306181024 7.5
0306181025 7.5
0306181026 5.5
0306181027 8.5
0306181028 6.5
0306181029 6.5
0306181030 7.5
0306181031 3.0
0306181032 6.5
0306181033 5.5
0306181034 7.5
0306181035 6.5
0306181036 8.0
0306181037 6.0
0306181038 7.5
0306181039 7.0
0306181040 7.5
0306181041 7.5
0306181042 8.5
0306181043 7.0
0306181044 7.5
0306181045 8.0
0306181046 8.0
0306181047 8.0
0306181048 8.0
0306181049 7.5
0306181050 6.5
0306181051 7.0
0306181053 8.0
0306181054 6.5
0306181055 5.5
0306181056 5.5
0306181057 6.0
0306181058 5.5
0306181059 6.5
0306181060 7.0
0306181061 7.5
0306181062 7.5
0306181063 7.5
0306181064 7.5
0306181065 6.0
0306181066 8.5
0306181067 6.5
0306181068 7.0
0306181069 7.0
0306181070 6.0
0306181071 6.0
0306181072 5.0
0306181073 6.0
0306181074 6.5
0306181075 6.5
0306181076 6.5
0306181077 7.0
0306181078 6.5
0306181079 6.0
0306181080 7.5
0306181081 5.5
0306181082 5.5
0306181083 6.0
0306181084 8.5
0306181085 7.5
0306181086 8.0
0306181087 7.0
0306181089 5.5
0306181091 7.5
0306181092 8.0
0306181093 8.0
0306181094 6.0
0306181097 6.5
0306181098 5.0
0306181099 0.0
0306181100 7.5
0306181101 2.0
0306181102 8.0
0306181103 7.0
0306181104 5.5
0306181105 5.5
0306181106 6.0
0306181107 7.5
0306181108 7.5
0306181109 5.5
0306181110 7.5
0306181111 5.0
0306181112 5.5
0306181113 5.5
0306181114 7.5
0306181115 7.5
0306181116 7.5
0306181117 6.5
0306181118 6.5
0306181119 6.5
0306181120 8.0
0306181121 5.0
0306181122 7.0
0306181124 6.0
0306181125 6.0
0306181126 8.0
0306181127 6.0
0306181128 6.0
0306181129 5.5
0306181130 5.5
0306181131 8.0
0306181132 7.0
0306181133 7.5
0306181134 5.5
0306181135 5.0
0306181136 7.5
0306181137 5.0
0306181138 6.0
0306181139 5.0
0306181140 7.5
0306181141 5.0
0306181142 7.5
0306181143 6.0
0306181144 7.5
0306181145 7.0
0306181146 0.0
0306181147 6.5
0306181148 5.5
0306181149 7.0
0306181150 7.0
0306181151 5.0
0306181152 7.0
0306181153 6.0
0306181154 7.5
0306181155 6.0
0306181156 7.5
0306181157 7.5
0306181158 7.5
0306181159 7.5
0306181160 6.0
0306181161 7.0
0306181162 8.0
0306181163 6.0
0306181164 7.5
0306181165 7.5
0306181166 6.0
0306181167 5.5
0306181168 8.0
0306181169 6.5
0306181170 5.0
0306181171 5.0
0306181172 5.0
0306181173 8.0
0306181174 7.0
0306181175 7.0
0306181176 7.5
0306181177 5.0
0306181178 7.5
0306181179 5.0
0306181180 6.0
0306181182 7.5
0306181183 6.5
0306181184 7.5
0306181185 7.5
0306181186 6.5
0306181187 6.0
0306181188 5.0
0306181189 5.5
0306181190 7.0
0306181192 7.0
0306181194 6.0
0306181195 5.0
0306181294 6.0
0306181295 5.5
0306181296 7.0
0306181297 7.0
0306181298 6.5
0306181299 6.5
0306181300 7.5
0306181301 6.5
0306181302 7.0
0306181303 7.5
0306181304 8.0
0306181305 7.5
0306181306 7.0
0306181307 6.0
0306181308 5.5
0306181309 7.5
0306181310 5.0
0306181311 6.0
0306181312 5.5
0306181313 7.0
0306181314 7.0
0306181315 5.0
0306181316 7.0
0306181317 7.5
0306181318 7.5
0306181319 7.0
0306181320 6.0
0306181321 5.0
0306181322 7.0
0306181324 6.0
0306181325 7.0
0306181326 5.5
0306181328 7.0
0306181329 3.5
0306181330 7.0
0306181331 6.0
0306181332 6.0
0306181333 6.0
0306181335 7.5
0306181336 6.0
0306181337 5.0
0306181339 6.0
0306181340 6.5
0306181341 5.0
0306181342 5.5
0306181343 7.0
0306181344 6.0
0306181345 6.5
0306181346 0.0
0306181347 7.0
0306181348 7.0
0306181349 6.0
0306181350 6.0
0306181351 6.5
0306181353 6.0
0306181354 6.5
0306181355 8.0
0306181356 5.5
0306181357 5.0
0306181358 7.5
0306181359 7.5
0306181360 5.5
0306181362 7.0
0306181363 5.0
0306181365 3.0
0306181366 7.5
0306181367 7.0
0306181368 5.0
0306181369 6.0
0306181370 7.0
0306181371 6.0
0306181372 7.5
0306181373 5.0
0306181374 7.0
0306181375 5.0
0306181376 7.5
0306181377 6.5
0306181378 5.0
0306181379 5.5
0306181380 5.5
0306181381 6.5
0306181382 5.5
0306181384 7.0
0306181385 0.0
0306181386 6.5
0306181387 7.0
0306181388 7.0
0306181389 7.0
0306181390 7.5
0306171389 7.5
 
 
 
 
 
 

