0306181001 5.5
0306181002 6.2
0306181003 6.4
0306181004 6.7
0306181005 6.4
0306181006 5.8
0306181007 5.4
0306181008 5.8
0306181009 6.4
0306181010 5.7
0306181012 6.4
0306181014 6.6
0306181015 4.5
0306181016 6.5
0306181017 6.9
0306181018 7.2
0306181019 5.6
0306181020 5.3
0306181021 5.1
0306181022 5.7
0306181023 5.8
0306181024 5.6
0306181025 6.1
0306181026 5.1
0306181027 5.7
0306181028 6.4
0306181029 5.2
0306181030 5.2
0306181031 0.3
0306181032 6.4
0306181033 7.7
0306181034 5.2
0306181035 6.5
0306181036 6.1
0306181037 5.1
0306181038 5.9
0306181039 6.4
0306181040 3.9
0306181041 7.1
0306181042 7.0
0306181043 6.4
0306181044 5.7
0306181045 7.0
0306181046 5.6
0306181047 5.4
0306181048 6.6
0306181049 5.4
0306181050 5.2
0306181051 5.2
0306181053 5.8
0306181054 5.4
0306181055 5.1
0306181056 8.1
0306181057 5.2
0306181058 6.4
0306181059 5.4
0306181060 6.3
0306181061 6.2
0306181062 7.9
0306181063 7.9
0306181064 7.6
0306181065 6.0
0306181066 7.4
0306181067 6.3
0306181068 6.1
0306181069 6.6
0306181070 7.1
0306181071 6.9
0306181072 5.5
0306181073 6.7
0306181074 5.6
0306181075 6.0
0306181076 6.4
0306181077 6.1
0306181078 5.5
0306181079 5.0
0306181080 5.0
0306181081 7.1
0306181082 6.4
0306181083 5.1
0306181084 6.5
0306181085 5.4
0306181086 7.5
0306181087 5.3
0306181089 5.1
0306181091 7.4
0306181092 5.8
0306181093 6.1
0306181094 6.1
0306181097 6.2
0306181098 6.2
0306181099 6.0
0306181100 6.9
0306181101 5.1
0306181102 5.8
0306181103 5.0
0306181104 7.0
0306181105 5.6
0306181106 6.6
0306181107 6.3
0306181108 5.4
0306181109 5.3
0306181110 6.1
0306181111 6.2
0306181112 6.9
0306181113 6.3
0306181114 7.1
0306181115 7.8
0306181116 7.0
0306181117 5.6
0306181118 5.4
0306181119 8.1
0306181120 6.1
0306181121 5.0
0306181122 6.4
0306181124 6.0
0306181125 5.7
0306181126 5.0
0306181127 7.3
0306181128 5.6
0306181129 6.5
0306181130 5.7
0306181131 6.1
0306181132 7.4
0306181133 7.5
0306181134 5.6
0306181135 5.5
0306181136 5.4
0306181137 6.2
0306181138 5.7
0306181139 5.0
0306181140 4.7
0306181141 4.0
0306181142 5.5
0306181143 5.2
0306181144 6.4
0306181145 5.9
0306181146 6.2
0306181147 5.8
0306181148 7.3
0306181149 5.0
0306181150 7.2
0306181151 5.3
0306181152 6.0
0306181153 5.0
0306181154 5.2
0306181155 1.5
0306181156 8.2
0306181157 7.6
0306181158 6.4
0306181159 5.7
0306181160 6.2
0306181161 5.9
0306181162 5.8
0306181163 5.8
0306181164 5.5
0306181165 5.9
0306181166 5.7
0306181167 6.2
0306181168 5.9
0306181169 4.0
0306181170 2.3
0306181171 5.4
0306181172 6.4
0306181173 0.6
0306181174 6.1
0306181175 5.8
0306181176 6.8
0306181177 0.8
0306181178 7.4
0306181179 5.9
0306181180 5.6
0306181182 6.0
0306181183 5.1
0306181184 6.4
0306181185 6.6
0306181186 6.3
0306181187 5.3
0306181188 5.6
0306181189 5.1
0306181190 6.2
0306181192 5.3
0306181194 5.4
0306181195 5.3
0306181294 6.2
0306181295 5.7
0306181296 5.0
0306181297 6.1
0306181298 6.4
0306181299 7.6
0306181300 6.6
0306181301 6.5
0306181302 6.8
0306181303 6.3
0306181304 6.0
0306181305 7.2
0306181306 6.1
0306181307 6.7
0306181308 7.5
0306181309 5.0
0306181310 6.8
0306181311 7.0
0306181312 6.3
0306181313 7.3
0306181314 6.6
0306181315 5.0
0306181316 7.4
0306181317 7.3
0306181318 6.9
0306181319 6.4
0306181320 6.4
0306181321 6.2
0306181322 7.1
0306181324 6.3
0306181325 6.2
0306181326 5.9
0306181328 7.0
0306181329 6.7
0306181330 7.5
0306181331 6.7
0306181332 6.5
0306181333 5.1
0306181335 7.8
0306181336 7.0
0306181337 7.6
0306181339 7.7
0306181340 7.2
0306181341 6.8
0306181342 7.7
0306181343 7.1
0306181344 5.5
0306181345 6.8
0306181346 7.1
0306181347 6.8
0306181348 6.1
0306181349 6.8
0306181350 7.1
0306181351 8.1
0306181353 8.0
0306181354 6.2
0306181355 7.9
0306181356 7.0
0306181357 5.9
0306181358 5.5
0306181359 6.6
0306181360 7.4
0306181362 7.0
0306181363 7.0
0306181365 6.0
0306181366 6.9
0306181367 6.5
0306181368 7.0
0306181369 7.2
0306181370 7.4
0306181371 5.6
0306181372 7.4
0306181373 7.9
0306181374 7.3
0306181375 7.5
0306181376 7.0
0306181377 7.8
0306181378 6.5
0306181379 5.7
0306181380 8.4
0306181381 5.6
0306181382 7.2
0306181384 7.2
0306181385 5.8
0306181386 8.2
0306181387 7.6
0306181388 5.8
0306181389 7.2
0306181390 7.8
0306171389 7.8
 
 
 
 
 
 

